0000000000001010
1110110000010000
0000000000010000
1110001110001000
0000000000000001
1110110000010000
0000000000010001
1110001100001000
0000000000010010
1110111111001000
1110110111100000
1110111111001000
0000000000010001
1111110000010000
0000000000010000
1111010011010000
0000000000100000
1110001100000010
0000000000010001
1111110000010000
0000000000010010
1110000010100000
1111110000010000
1110110010100000
1111000010010000
1110110111100000
1110110111100000
1110001100001000
0000000000010001
1111110111001000
0000000000001100
1110101010000111
0000000000100000
1110101010000111